0.0000010000
0.0001020000
0.0002030000
0.0003040000
0.0004050000
0.0005060000
0.0006070000
0.0007080000
0.0008090000
0.0009100000
0.0010110000
0.0011120000
0.0012130000
0.0013140000
0.0014150000
0.0015160000
0.0016170000
0.0017180000
0.0018190000
0.0019200000
0.0020210000
0.0021220000
0.0022230000
0.0023240000
0.0024250000
0.0025260000
0.0026270000
0.0027280000
0.0028290000
0.0029300000
0.0030310000
0.0031320000
0.0032330000
0.0033340000
0.0034350000
0.0035360000
0.0036370000
0.0037380000
0.0038390000
0.0039400000
0.0040410000
0.0041420000
0.0042430000
0.0043440000
0.0044450000
0.0045460000
0.0046470000
0.0047480000
0.0048490000
0.0049500000
0.0050510000
0.0051520000
0.0052530000
0.0053540000
0.0054550000
0.0055560000
0.0056570000
0.0057580000
0.0058590000
0.0059600000
0.0060610000
0.0061620000
0.0062630000
0.0063640000
0.0064650000
0.0065660000
0.0066670000
0.0067680000
0.0068690000
0.0069700000
0.0070710000
0.0071720000
0.0072730000
0.0073740000
0.0074750000
0.0075760000
0.0076770000
0.0077780000
0.0078790000
0.0079800000
0.0080810000
0.0081820000
0.0082830000
0.0083840000
0.0084850000
0.0085860000
0.0086870000
0.0087880000
0.0088890000
0.0089900000
0.0090910000
0.0091920000
0.0092930000
0.0093940000
0.0094950000
0.0095960000
0.0096970000
0.0097980000
0.0098990000
0.0100000000